0 0 1 2 3 4 1 5 6
7 8
9 10 8
11 12 13 0 14 15
16 17 18
19 20
21 19 22
23 24
25
23
26 27 28 29
30 31 32 33 34 8
35 36 37 29
38 39 40 41 42 29
43 44 45 46
47 48 29 49 50 29
51 52 29
53 54 55 56
57 58 59 60
61 62 54 63
64 65 66 67 68
69 61 70 71 72 73 70 74 75 76 77 78
79 80 81 82 83 84 85 86 87 88 89 90 91
92 93 94
95 96 97 98 7
99 100 0
101 102 103
23 104 105
106 8
107 108 109 110
23 111
112 113 38 114 115 116
117 118 79 119
23 120 121 122 69 123
66 124 125
23
19 20 126 127 128
69 97 129 129
23
130 131 132 133 134 135
136 137 138 139 126 140 128 8 141 142 143 144 145 146 52 147
148 0 149 150
107
139 151 152 153 154 155 79 23
156 13 157 158 159 15 160 161 161 162 163 161 7 164 165 117 118 143 166
23 167 168
169 170 171 172 173
174
139 151 143
175
176 177 178 179
174 66
180 181 182 183 10 33
184 51
185 186
149 187 188
189 190 134
191 192 193 194 195 196 108 51 197 198 199 119 8 200 201
139 202 203 204 205
102 206 207
208 209 210
122 119 211 212
213
214 215 216 139
217 218 219 217 220
221 222 66 0 79 223 224 225 66 174 226 227 66 228 229 230 231 9
232 233 234 235 66 236 237 238
239 240 19 20
0 241 174 123
242
212 243 244 245 246 66 247
69 248
164 249 249 250 55
251 23
23 252 253 254 255
33 256 257 102 258 259 260
261 118 262
263 264 265 266 252 267
268 269 23
23 270 216
271 272 273 16 274 275 276 277 66 278 279 280 281 282 108 283 23 120
284 285 286
287 148 288
23 111
47 51 8
289 118 139 264 290
79 175
291 33
292 100 293 65 294 108 157 295
296 297 164 3 108 66 298 299 79 69 164
300
301 295
23
201 302 289 303 304 0
0 305 306
307 308 66
309 310 227
69 311 312 188 174
313 314 315 204
316 317 318 80
319
320 321 322 26 28
323 324 325
323 326 327 328
329 330 113 38
331 63 57 332
333 334 335 336
337 338 339 340
341 342 343 344 51
345 346 347 114 115 348
323 349 350 42 57
351 352 353 62
354 355 356 357 358 359 360
361 362 363 364 365 291 261 366 367 277 291 368 369 370 138 291 371 372 373 239
166 166 374 375 126 376 377 378 379
380
378 381
382 242 383
123 121 384 385 386 387 242 388
389 390 391 23 392 393 394 395 396 107 397 398 399 166 122 400 401 402 86 403 66 404 405 79 7
212 406 407 139 408 409 410
23
411 306
412 0 413 414 415 416 417 66 418 419 420 421 422 423 424 425 87 426 427
79 7
23
428 66 429 430 79 431 432
23 120 433 434 435 436 437
438
439 440 441 267
442 443
444 63 445 446 336 447 448 51 449 138 450
102 7 451 139 264
133 452 453 454 110 455 456 457 458 248 459 460
306 461 462 463 464 465 466 467 468
469 118 66 470 471 471
472 473
23 19 20 166
474 475 476 477 478 188 479 102 164 480 481
287
257
482
483 257
148 484 485 0
174 486 487 488
174 489
79 69
490 491 492 440 0 493
494 495 496 66 454 497
0 208 498 499 8 500 501 502 503
504 505
506 120
507 508 509 510 511 512 513 514 515 516 517 518 519
520 521 522
523 524 525 526 527 525 528 529 530 531 532 533 534 133
66 535 536 537 538 133 257
539 540 541
542
543
544 118 545 23 546 436 437 547 548 306 549 275 550 551 23 552 553 554 555
556 8 557 558 559 560 559 561 66 562 556 563 564 565 126 128
566 430
158 567 568 430
224
569 69 570 571 572 573 381
0 574 506
575 164
23 7 576 18 120
8
577 578
139 264 579 139 378 226 580 66 581 250 7
0 582 69 0 583 261 584 66 368
8
546 185
585 586 587 588 589 590 591 592 593 594 589 595 596 597
108 416 598 69
231 599 600 66 601 602 603 604 605 606 607 608 89 131 286 609
610 569 611 612 613 614 28
615 23
79 69 66 616 188 306 617 618 619 620 119 621 164 622 7 623 606
450 618 624 625 620 626 188 466 133 514 443 627 628 309 0
0 629
630
0 208 498 499 8 500 501 502 503
631 632
633 289 634 635 636 55 637 174 638 239 143 639 640 641 166 239 412 642 643 644 69 645 646 525 69 166
647 289 188 264 172 54 648 8 649 650 66 85 618 649 623 651 296 652 653 654 655 119 623 656 122 0 14 15 128 432 250 66 618 66 657 658 650 659 66 85 248 450 660 661 662 663 664 664 665 66 85 666 316 666 667 668
669 670 671 669 287 7 0 231 672 0 174 627 201
66 124 125
639 578 571 261 673 19 20
674 675 158 485 436 676 677 678 3 261 679 680 681 221
626 682 683
122 0 684
685 686 52 231 687 688 689 259 690 691 692 693 694
695 645 696 296 697 443 652 66 85 666 69 698 699 700 701
702 102 8 86 703 704 705 706 69 133 707 708 525 709 710 711 133
0 712 713
266 714 715 716
275 717 718 79 17 620 56 719 620 51 720 133 66 721
722 102
723 569 8
128 126 15
724 725 725
8 18 7
726 727 139 728 280 729 23 392 730 731 732 733 450
734 454 33 735 736 422 737 738 739 3 740 499 741 122 742 571 743 0 102 8 744 745 746 747 378
188 748 13 749 66 422 102 750 751 745 752 753 754 755 756 164
618 0 569 306 243 23
757 758 107 23 148 759 760 761 762 0
763 66
69 122 764 765 571 117 131 766 767 69 768 769 770 231 771 772 773 79 556 774 775 776 69 105 777
389 389 778
69
53
779 120 595 111
166 780
69 781 782 8 117 118 545 783 784 785
786 117 623 0
254 787 440 788 789 790 569 569 791 118 792
19 20
0 722 793 102 284 164 794
143 795 152 796 155 797 798 799 800 87 801 271
23
802 138 803 804 805 806 807 808 809 810 596 811
174 700 812
8 8
659 813 138 8 814 79 815 428 816 817 140 79 816
23 392
23
818
819 820 813 821 822 822 823 824
188 388 825
826 827 828 299
69 829 830 831 832
422 813 389
268 650 306 275 381 833 834
188 738 416 767 69 800 69 835 800 721
0 836
837 654 8 66 666 838
839 840
174
69
79 841 164 100 0
23 252 253 254 255
684 842
69 843 83 188 490 844 813 819 813 845 846 847 847 69 848 106 466 618 849
850 813 819 851 69 813 852
853 854 855 856
495 139 857 858 66 859 860 280 861 862 863 864 69 865 866 867 861 868 869 870 481 871 872 815
873 874 875 876
877 800 312 69 878 879 765 89
803 139 264 880 139 264 639 881 747 166 239 381
17 743 813 819 882 521 883 884 719 885 886 887 66 761 888 476 889
890
422 813
701 23 120
107 891
892 476 662 893 894 895 896 897 898 220
899 164
23 900
164 901
902
257
79 903
904 905 906
907 908 800 909 526 734
910 19 20 188 911
0 79 231
912 912 724 724
443 422 913
139 264
23 868 164 794 244 914 66 915 889 916
911 143 122 0 800 917 521 143
820 800 819 253 918 89 682 919 920 921 188
632 922
856 923 848 924 925 926 927 928 294
800 143 51 659 929 930
23
618 931 692
932 211 527 933 934 820 800 935
936
937 938
69 0
939 940 719 941 942 943 944 942
945 946 722 185
947
948 949 89 950 951 952 800
134 283
221 222 250 953 802 954 382 802
23 45 955 956 33 957
23 958 959 443 960 961 962 122 0 174 595 164
644 852 963 800
803 964 965 602 547
7 966
3 967 968 66 969
123 970
140 121 23
166 0
971
217 972 234 875 450
23 120 0 973 974 973 975 973 976 977 8 231 718 978 979 239
66 528 174 33 158 980 981 188 982 856 983 51
948 422 984 813 985 819 986 443 119 987 935 988 69 927 294 118 610 636 328
79 289 989 436 990 991 992 993
143 143 143
994 169 995 259 188 969 996 283 997 0 998 966 444 999 813 1000 1001 1002 1003 1004 1005 1006 51 1007 1008 1009 1010 892 1011 1012 174 439 1013 311 102 973 1014 1015 1016 194 222 136 650 1017 1018 1019 69 525 1020 85 721 69 1021 1022 1023 8 1024 368 8 1022 747 514 133 798 188 1025 1026 1027 1028 1029 1030 248 1029 1031 424 85 108 1028 3 1032 1033 1034 1035 1036 1037 844 124 1038 1039
875 23 851 523 800 89 1040 852 800 525
299 100
1041 1042
0 79 7 174
1043 1044 719 952 1044
23 684 1045 128 126 1046 313 620 33 76 1047 294 188 1048 1049 1050 1051 620 117 31 1052 208 1053 138 1054 1055 1056 1057 1058 837 722 274 1059 1060 1061 1062 1063 1064 378 1065 1066 1067 292 1068 916 1065 1069 313 292 1070 1056 1017 1071
168 0 1072 1073 1074 310 0 1075 1076 102 258
839 623 1077 102
1078 1079 1080 943
1081 623 298 89
1047 294 1082 1083 1006 51 1084 927 294 986 856 1085 1009 476 1086 1087 1088 1089
23
89 1090
23 120 1091 1092 1093 57 1094 156 1095 1096 854 855 773 1097 294 785
1098 1099 1100
1101 786 1102 626 1103 89 1104 1105 174 387 242 1106 1107 1108 1109 717 580 1110 250 66 1111 1112 1112 1113 1114 1115 818 7
69 0 1116 1117 684 1118 856
23 120
800 1119 229 1120 440 1121 1122 1123 837 1040 1124 1120 1125 1126 255 33 780 1127 1128 1129 1130 490 780 250 780 79 1131
148 1132 1133 1134 23 139 264 1135 164
1136 283
813 556 856 1085
1137 1138 1139 1133 127 1140 185
620 1141 748 0 1142
850 820 800 1143 123
1144 1006 51 931 692
1145 875 1146
820 800 1147 1010 851 684
1148
1149
69 289 989 221 205 408 197 1150
1151 100 0
1152 176 1153 164 1154 1155 118 139 264
309 1156 1157
0 174
634 100 0
1158 79 565 1072 743 139 264 7
1159 623 118 1160 164 1161 1162 471 139 574 1163 1164 372 1165 1166 1167 1168 1169 1170
1171 220 1172 1173 1174 1175 13 1176 1177 164 1178 261 1179 1180 211 0 861 296 1145 217 211 1181 436 1151 216 1182 9 133 1183 17 66 814 18 1184 563 487 250 283 536 188 802 1185 1186 158 1187 239
66 124 125
932
565 0 18
0 174
69 152 1188
188 1189 569 8 569 1190 443 863 1191
1192 139 628
289 1193 1194 1195 1196
1026 0
249
214 275 175
440 1197 1198 626 1199 1200 1057 1201 1202 74
164
1203
1204 528 7 1205
800 852 1206
1207 1208
1209 909 909 639 1210 52 1211
1212 813
133 133 1213 1080 239
188 257 549 1214
23 1215 122 1216 813 1217 1218 1219 66 1220 1221 1222 1223 1224 1225 1226 1227
1228 7
0 231
651 813 651 852 1229 425
1230 1231 443
69 61 1232 803
785 1087 1088 1186 776 1233
129 1134 129 441 719 1234
0 79 7
1081 716 127 1235
122 8 79 734
1236 873 1237 790 1238 451 23 820 800 79 748 1239 1240 310 0 1164 174 226 1241 13 1242 81 1243 635 1243 1244 79 1164 174 1199 1245 1164
1246 1247 1040 1248 13 1242 81 0 122 1249 583 995 259 245 1250 234 1251 1252 802
127 540 1253
1254 467 1255 1256 175 490 150 1257 1258 1259 834 833
1260 982 102 1261 1076 943 422 117 85 381 1262 54 250 66
0 79 436 127 118 1263 188 524 1264 1264 66 150 1265 1266 1267 1268 1269 1270 63 1271 1085 208 1026 537
1272 556 813
107
164 1161
0 229 230
299 969 784 45 1273 1274 943 138 1275 595 1017 969 1276
875 1146 122 0 224
283 644 128 143
796
23 1277 1278 118 89
673 19 20
1279 143 636 8 591
700 546 1280
936 51 276 1281 1247 8 617 1282 1244 521 231
23 252 253 254 255
150 929 57 966
23 120 1283 1284
1285 85 1286 8 418 8
1287 1288
66 1289 1265 986 63 79 1290 325 188 1291 214 1292 929 1293 1294 988 1295 929 9 214 1296 52 1297 1298 1299 818
69 1300 1301 127 831
257
1302 229
0 1303 1304 1305 117 118 639 1306 1307 403 79 1308 121
1309
166 422 1310
929 1311 294
23 392 565 1312 1313
389 168 0
79 1314
117 118 1315 143 86 1316 1317 474 1318
66 0 79 250 552 1319 1320 1321 1322 1323 1322 1324 1325 454 1322 1326
1327 586 1328 69 972 234
632 999 1329 122 1330
214
23
69 14 15 188 660 1331 1076
79 33 1332
253 1333 939 1334
1335 1336
69
0 1337 23 0 1338 1339 643 999 0 51
463 467 463 466
936 116 358 1268
1261 813 852 795 1340 1341 1342 1343 1344 1345
1346 1347 1348 1349 8 553 1350 1351 1056 126 644 1352 1353 1354 1355 1356 1357 289 989 1358 79 1161 1181 1359 1360 973 1333 1361 943 1362 79 305 540 1363 1364 1364 139 264 0 1365 1366 102 1367 536 684
1368
1369 1065 743 701 1370 247 492 1371 507 803 136 1372 189 1373 253 1374 117 118 424 1375 1376 1377
69 427 556 1378 1379
0 368 1380 1057 16 1381 1382 1232 1025 748 982 1383 1384 832
1385 1386
79 684 1387 1388 688 845 639 1389 79 1120
1390 1390 0 220 485 1184 0 402 86 1391 1392 229 293 1393
1394
701 250 739 66 267
214 117 118 1395 946 743 52 1338 1107 1396 142
669 546 252 1397 762 0 1398
358 47 1271 1399 1400 1401 1402 1301 1403 1404 1311 325 847 138 8
620 758 1405 1406 1407 212 969 7
378 66 204
311 623 1408
1409 66 229
23
1149
23
89 443 1410 972 175 175 368 216 911
1411 1412 1413 1414 1415 23 839 194 1416 956 296 1417
69 1418 1418 1301
1419 1420 368 1421 1422 1423
122 521 1424 1425 389 1426 1427 69 1269 1428 61 1429 54 174
969 23
74 1430 216 1431 1432 239
1433
936 556 79 1144 1434 1085 1435 1436 415 32
911 1437 1438 1439 1440 1368 23 120
23 392 168 100 0
79 143 569 1441 283 1340 1442 1297 626 117 118 1311 294 1443 1311 1444 1144
1207 1208
1445 595 843
1446 985 1291 1447
1364 121
644 143
3 1448 69 1449 1450 1451 185 111 1452 886 1453 1144
936 51 1454
1455 1456 1457 569 8 825 1458 1459 1311 188 474 1460 1316 1461
1462 1463 1463
8 7
221 23 416 139 185 1464 1057 139 264 23 802 436 1465 1466 734 0 267 1467 1468 1469 1470 1471 1472 1473 1474 133 526 1475 1476 1477 526 1478
266 1479 1480
143
23 1481
122 1482 79 137
467 1438 143 166 239
556 102 1483 684 964 813 669 1320 245 69 102 1484 294 51 1485 1486 1487 359 61 1488 1489 1490 44 1491 1492 64 1493 1494
484
630
1325
1183 996 718
1495 1001 51 684
1496
1347 1497 1498
1499 1355 1500 1501 1502
117 118 1503 7 1325
143
23 252 253 254 255
499 188 296 1504 632 31 1505 102 1506 166
147 730 23 166 175 1507 1508
1309 467
102 1509 378 1510
532 1076 1511 1512 1513 1514 1076 1515
117 118 1503 568
1516 150 275 175 1517 0 306 1518 1519 574 1520
1521 1040 212
1522 69 524
662 1098 1099 1523 0 79 174 69 1524 0 121 1525 802 946
172 1526
23
1527 1528 1529 1065 1530 1531 1532 463 466 1533 1534 129 264
157 268 1535 1536
1537 467 918 1538 261 1539 226 1540 0 546 0
1541 813 819 850 3 164 312 66 852 312 1350 1542 428 1543 443
688 1544 1545 936 1546 1547 350 1548
205 134 911 47 47 1268
118
1549 85 567 1022 170 1550
298 23
617
1551
1413 1552 386 738 66 138 8 1553 969 1554 1415 23 201 1133 1555 1428 1186 1556
971
66 7 66 7
175 147
69 66
1557 1558 1540 524 1559 134 117 118 1560 8 946 1561 55 1562 1563 1564 1565 1559
1566 1567
651 66 623 299
23 66 0 306 1340 1442 639 1568 1569 1570 553 131 306 1571 1572 1573 8 1574 1575 1576 1577 122 1578 1579 1580 381 1581 1582 1583 1584 450 1585 47 1268 8 1586 66 0 1587 639 117 1588 1589 635 71 1590 1591 258 1592 1024 1593 1594 1595 1596 1597 763 1598 1599 759 1600 1601 1602 1217 1603 0 172 684
1604 143 123 1534 133 137 166 1571 128 138 306
1605 1606 1607 1608 553 1609 1610 1611
8 1612 142 1613
117 118 70 66 79 1614
910 23 1615 1616
428 1617
1415 359
69 0
1618 1619 424 1620 239
1301 813
135 275 620 208 361 107 1133 23 1151 1409 1539 492
644 1621 933
1622 1623 951
23
389 389 389 303 304
1624 1340 1341 1625 1626 1627 988 1626 1368 1628 1629 1630 1631 1632 116 1633
1634
122 0 394 118 1635 569
69 422 117 424 1636 721 1286 1637 1635
1638 583 127 193
1639 443 1640 188 1641
1325 655 1642 1278
23
1183 69 1639
1643 1644 1645 1646
1647 1648 1059 812 1649 149 381 7
1650 911 69 8 119 684 699 1651 1652 745 422 1264 66 150 245 69 1653 1632 1654 1655 1656 1657 1658 1659 1660 1661 1662 1663 1643 1664 1664 1665 1666 66 8 325 358 1667 1668 57 61 1669 67 1670 1332 64 1671
630
1672 1673 123 1565 1674
51 51 51
242 1675 782 51 124 1676 1083 358 1677 1678 197 294 1049 197 1584 450 495 965 1679 1680 1676 1681 1682 1683 1684 69 1685 998 1686 1687 1244 1688 1689 1690 1534 1691 1692 1693 147 1694 1457 1695 1696 1697 1698 510 1699 923 1700 117 358 1701 306 309 172 1702 403 1703 1680 69 1704 1705 1706 865 1707 1708 1709 1704 1364 142 117 1710 1711 1085 309 1712 424 1713 1714 1715
499 275 1716 257
1717 1671 1718 1719
1720 137 366 1721 1722 1673 1723 69 33 1666 147 1482 1349 102 445 1724 763 1725 133 986 1726 1727
1728 1729 1161
64 72 1730
23 252 253 254 255
1183
270 1731 216 1650 790 275 33 782 1732 1733 1734 443 263
1125
79 1735 1736 51
148 1206 156 1120 1737 1167 1738 100 0 1739
1740
398 1741 257 1682 294 1666 137 1635 1742 1743 57 1744 1400 1745 1746
1747 143 1748 1666 1519 1749 1750 1751 1752 79 143
1753 1754 1755 1756
1757
1758 1281 55 1164 1759 50 1760 1761 52 527 1762 143 1330 289 1763 1764 1764 748
1017 79 1765 13 684 314 306 1398 1766 1767 1768
1769
632 1770 257
205 137 1771 1745 1736
382
0 0 1772 945 1773 816
0 7
8 1774 1775 258 1776 1777
1666 699 8 1682 1778
242 1675 782 51 124 1676 1083 358 1677 1678 197 294 1049 197 1584 450 495 965 1679 1680 1676 1681 1682 1683 1684 69 1685 998 1686 1687 1244 1688 1689 1690 1534 1691 1692 1693 147 1694 1457 1695 1696 1697 1698 510 1699 923 1700 117 358 1701 306 309 172 1702 403 1703 1680 69 1704 1705 1706 865 1707 1708 1709 1704 1364 142 117 1710 1711 1085 309 1712 424 1713 1714 1715
1779 250 1320 1780
311 623
1495 1781
1340 1635 102 1782
971
143 648
8 138 8
1291 325
398 1783 173 283 1784 1785 644 128 1786 652 283 1787 1788 1789 1790 844 1666 1791 381 1792 667 1793 132 1794 1436 312
139 264 398 1795 66 1796
1317 474 3 1797 998 1798 66 1799 1164 227 66 252 267
66 609 1800
1801 1744 1400
1040 925 79 69 300 1802 143
1803 1677 1094 1801 325 1045 1804 188 1344 1805 1806 79 532 1346 1807 773 1671 1808 1730
1809 527 1144 289 1810 1811 1792 432 306
1812 1813
398 1551
1814 1815 283 174
117 699 1711 1671 42 1428
0
1244 79 1816 1817 1818 135 1819 556 381 147 305
1666 1820 1821 118 763 1725 79
536 1822 713
1149
1666 1823 830 1824 197 294 1666 1825 1750 1826 1827 1828 1829 1495 935 1830 699 1831 1625 1825 1832
23 1833 1834 118 1638
1666 1835 1836 1837 1232 477 1838 430 1666 1839 86 1715 134
1840 1841 1666
23 122 1196 532 920
1842
1843 620 1301 214 1844 1654 1301
1845
1846 570 1847 7
23 117 188 8 943
188 3 138 381 626 815 1848 1849
398 214 1850 89
148 212 1851 1838
19 20
1852 1319 1340 1632 1853 1632 381 205
1854 1161 188 116
1308 166 1855 1856 69 1681 1400 719
1111 174 1681 1682 294 1096
911 450 398 66 1264 119 450 150 245 69 348 1857 1858 1859 1860 1861 1088 1653 1862 1444 1444 1863 287 1864 50 1865 360 1677 1866 1269 53 1867 1001 1001 1868 1001 64 1711
1757 1869 1870 1755 216 1871 1017
655 1872 1873
1096 1442 214 348 1874
117 118 1875 79 1264
23 252 253 254 255
1876 1877 839
829 1136 1098 1120 1878 69
1047 294 8 1879 1880 1833 1881
837 1330
1226 556 1867 1001 1882 1883 1884 1885
1886 1887 275 1888 1889 66 1616
23
306 0 7 1504 1890 1891 1047 294 1892 1893 66 1894
1895
875 23
911 1896 1897 143 445 1653 117 118 1711
1898 1899 1900 1711 1876
1901 1902 1903 1415
140 1904 1905 1065 139 139 1905 255 194 1906 1907 441 443 1908 1340
632 546 1909 1154 0 267
129 1910 129 1046 419 300
1911 54 595 595 54 69 306 23 1912
126 139 139 436 1913 69 1519 1914 1915 1916 1917 1918 1919
148 23
1666
168 0 569 18
188 1920 644
19 20 257 66
1921 727 1922 1923 1062
1924 211 310 1925 1926
1927 1928 174
1484 1902 1929 1930 1730 239
971
257 143 743 158 1931 1707 1932 80 1933 1493 1934 1935 501 1148 1936 0 1396 1937 1938
1803 63 1939 8 188 1005 1653 723 8 1940 1677 1866 1867 1001 296
1941 1942 23 416 85 1943 587 1321
546 266 490 249 216 445
1711 1944 1945 1428
55 102 510 1946 222 1947 158 1948
1840
445 701 1261 620 0 299
318 318 1476 174 1949
349 1025 713 1950 1226 29
701
31 1951
1738 1780
1952 989 69 102
989 1352
1953
306
18 802 662 1954 780
1955 1956 1957 1958 1959 1960
1961 1962 1963 117 118 216 1907 166 239 208 69 100 0
1964 345 346 1965 1862 1444
0 1966 1481
713
445 1551 1850 758 216
1967 1968 1969 942 537
684 1904 1970 1971 1972 1161
117 118 1973 1974 1975 746 625 911 1603 3 3 298 298 427 1161 966
1976 134
133 721 1977 1978 1379 63 1643 1088 51
316 782 1025 1792 188 1979 1980 1981 1982 258 1983 1984 1985 1986 1987 718 122 1888 276 1988 80 1989 1990 258 1991 1992 1993 795 1734 1994 1995 1996 832 781 1997 1998 1999 2000 1352 1194 2001 2002
2003 2004 2005 747 2006 1867 1757 2007 1711
51
1672
1882 325
0 682 2008 943 139
66 666 639 157 290 2009
2010 2011 66
680 133 2012
2013 398 445 66 748 150 245 69 47 2014 2007 358 1671 2015 188 8 2016 2017 2018 2019 2020 467 466 335 2021 2022 1757 2023 2024 2025 2026 2027
47 1653 2028 47 1653 2029 117 118 2030 1328 2031 2032
910 23 120
1256 185
2033 1057 2034 245
2035 2036 853 699 23 613 2037 47 1144
1537 148 2038 2039 2035 699 216 2040 531 1107 2041 1733 51 911 216 1107 2042 117 118 2043 42 527 1144 142 707 2044 743 0 2045 174 2046
23 252 253 254 255
23 701 23
467
1702 2047 216
0 79 7
122 0 1243 118 2048 678 91
1779 2049 47
2050 122 0 2051 2052 1539
188 2053 2054 119 2035 2055 33 68 166
440 837 1209 2056 684 1718 506 122 2057 2058 643 306 1457 300 174 1457 2002 66 2059 627 2011 2060 2061 2062 212 300
2035 998 1340 2063 1493 853 2064 2065 74 2066 1024 2067 2068 2069
47 2070
45 257 156
2035 117 907 69
2071 289 989 776 69 289 989 549 1304 2072 957 790 1186 2073 2074 215 261 2075 527 2076 2077
300 889
2001 2078 2079 2080 2081 121
546 266 2082 382
201 2083 953 917 966 966 966 917
632 0 305 306 972 175 1067 175 678
875
2035 8
440 257
2084 837 1330
2085 2086 1555 762 2087 1361 2035 699 1945 2088 2089 2090 2091 2092 1186 158 1948 121
389 389
372 1867 2093 723
1005 2094 2095 31 268
678 1365 2096
188 1260 825
0 382 932
556 2097 66
971
2035 1862 2098
1892 2099
2017 2100
47 47 47
2035 2035 2055 168 0 166 166 1103 2101 2102 2103 168
2035 998
250 66 250 66 1139 2104 231 427
23
1972 51 69
23 392
1736 1347 42
875 23
2105 283 2042 7
1334 79 2106 33 718 140 718 2107
2035 2055
164
2108 2035 699 2109
214 2035 476 1293
138 8
2110 540
2111 2112 1849
2030 524 79 306 525 188 719 2113 699
2114 1133 296 0
69 2115 639 2035
1161 684
33 2116 2117 119 1047 2118 1867 2119 1682 1681 2003
382 23
613 2043 42 669 669
216 275 440 175 166 239 2120 2121 2122 275 803 2123
252 2124 2125
66 85 2126 580 2127 2128 1076 102 2002
680 2129 2130 2131 117
2035 1493 758 643 892 853 1550 194
23 847 2132
69 2133 1572
2134 2135 2136 66 31 973 0 569 2137
463 117 623 0 786 2138 2139 1860 957 54 2140 2141
758 86 2142 2143 166 239 2144 2145 2140 2146 2131 2147 1861 62 626 969 1841 2148 47 2149
147 2150 1849 2151
2152 556 2153 1849 2154 1495
2155 943
2156
2157 118 758
2158 1461 79 1308
701 174 0
8 257
117 118
499 2159 169 2160 188 1698 440 2135 9 2161 83 2162
999 2163 185
2164
23 252 253 254 255
69 2165 1301 117 118 47 8
626 507 2166 66 17 2167 2168 2169 2170 2171 102 118 2172 2173 2174 2175 2176 1024 2177 1513 2178
2179 1232 2180 1024 166
0 682 2181 2182 250 66 2183 2184 2185 642
1340 1442 2165 1118 930 2186 2187 2188 258 2189 188 174
586 2190 1413 2191
2192
2193 2194 220 66 797 7
758 2195 546 266
69 51 117 118 47 57 2196
2197 122 1454 23 120 69 839 296 1417 701 69 1550
758
2198 66 2199 2200 292 1338 1503 943
148 299 2201 79 7
903 66 66 79 23 7 18 8
0 189 839 2202
875 257
2203
69 66 650 568 2204 668 306 121
973 411
875 1845 1144 318 23 2205
998 2206 2207 2127 66 969 69
2208 969 2209 79 2210 636 2211 79 1347 2212 2213 2214 932 1209 79 2215 2212 2216 1209 2217
7 66 2218
216 306 2219 2220 2221 33 66
23 111
2222 2223
2224 1648 1477 969 7 889
139 0 546 266
23 288
2225
7
2226 23
678 2227 139 264 188 2228 526 69 57 294 2229 79 212 1085 8 116
2230 2231 2232 2233 1632 450 1047 2234 1642 2235 2236 2237
1731
709 2238 2239 2240
382 2241
382 23 392
2242
2243 982 245 2118
447
2244
2245
1338 662 127 2246
148 2247 1558 716 2248 1334 2249 2250 2251 2252 1875 83 1454 2253 2254 1581 936 2255 2232
188 8
701 0 2256 2257 2258 2259 2260
51 556
1011
117 118 47 2261 527 7
2262 66 1413 300 2263 2264
2265 2266 701
2267 8
69 2268 1281 819 381 935 66 2269 1021
133 644 134 2270 2271 1571 2272 2273 1812 2274 2097 886 2275 436 1837 553 8 0 52 477 2276 188 2277 0 2278 0 582
971
2279
463 1757 620 0 2280 2281 411 2282 2283 188 2284 2285
0 2286 188 553
108 684 296 2201 626 2135 1161 694
2195 2287 583
2288 33 1287 226 2289 2290
66 2291 2292 2293
299 2201 0
2294 411 650
2295 250 66 382 437 18
257 8
253 2296 1415 2297
2266 2265
0
253 2298 2299 428 2300 2301 571 2302 2303 33 2304 655 2305 2306
31 1346 2307 2308 0 79 7
2309
2310 23 836
2311 66 267
1208 2312 69 2313 0 2314
2195 400 232 2315 47
701 1550
2304
602 2316 2317 394 436 223 617 18 119 463 1757 2318 2319 2318 436 18
389 389 117 118 2320
411 2321
188 440 8
2322 2323
1552 2324
1519 2325 2326 2327 2328 1519 2329
242 2330
69 2313 166
2331 108 122 494 1415 2332 1151 2333 240 122 2334 2335 2336 1044 23 516 2337 79
839 2202
422 1428 108 684
2338
251 1133 569 23 283 2339
2340 525 524 102 138 8
2341 1067 956 1888 66 436 2309 2342
9 2343 164 427
2344 2345 411 31 253 33 2346 2347 402 86 2348 2349
1780 1780 23
1304 1076 246 526 2350 66 7 2351 1539 492 2352 2353
9 66 1737 2354 143 839
102 7
23 23 23
229 231
164 2355 100 0
655 440
2356 668 1679 115 2357 294 2358 2359 2360 133 2361 66
2362 588 2363 2364 443 132 2365 540 13 2201 69 829 588
875 23 2304 2366 2367
1050 2368 1057 23
2369 2077
0 250 69 164
69 66 1238 650 613 612 2370 84
973 2371 2372 973 2373 2374
2375 1921 684 952 2376 325 2377
2378 79 23
2379 2380 546 300 243 1734 2381 156
185 411 2382
253 2383 2384 612 156 139 264 1186 2385 2386 2387 131 243 411 0 419 2388 510 2389 512 444 89 2390 2391 422 2392 571 54 411 790 2393 2309 283 422 2394 569 1025 2395 54 790 411 2301 571 1592 1448 1079 540 91 1946
548 147 2396
411
485
620 552 2397 122 2398 2399 490 2400 613 2401 117 2402 2403 2404 684
253 2405 2052 2406
443 254 2407 744 411 1570 2390 402 86 216 33 2408 205 381 644 381
1207
2409 258 839 2410 2333 382 0
1340 1442 2304 402 86 2411
0 984 820 1438 122 719 1244 721 1136 1244 2412 1555 2413 2414 2415
1599 1217 620 525 2416
136 623 156 498 2417 166 166
0 0 1107 18
623 408 2418
776 443 69 236 79 827 629 121 2419
2420 0 836 150 245 492
2421 2422
2423 2424 382 7
911 2425 133 2426 240 143 2427 394
450
0 79 174 678 1334 2337 2428
2429
100 0 291
19 20
2313 2430 137
2431 1237 66 135
119 450 440 188
875 2432
1539 492
2433 89 874 545 118 2434 2435
2436 589 495 2437 2438 942
253 2439 2440 2441 0 740 2442 2443 411 2444 2445 402 86 85 258 0 118 139 264 451 158 861 839 2311 2446 267 1539 296 168 1550
1505 411 722 2385 2447 2448 1374 79
2449 2450 2224 2451 2452 1999 620 33 2131 1884 2453 1085
249 2454 126 2181 2311 267 569 626 2455
317 2304
2456 1047 294 2457
2458
23
2459 0 648 1838 430 2460 2461 2462 420 2463
2464 2465 255 2466 149 2467 2468 0 2469 2181
2470 1619 0 226 250 229 2471 618 172 2073
185 719 2472 2473 188 911 66 721 1029 586 2365 1454 457 368 655 588 540 2474 82 2475 168 185
2476 2477 257
2478
296 1550
2479 2480 2481 2482 2483
69 289
253 2484 863 411 2127 66 863 2439 863
8
2485 1316 2486 33 935 2385 2487 2488 2489 2490 2491 1206 2492 2493 2348 403 2494 0 2169 2495 2385 2496 2283 2497 930 2283 2498 0 2499 1652 2500 147 2501 2502 2503 411 2504 2505 2506 2507 2508 2509 2400 411
2510 2510 258
148 296 620 2511 2512 2194 2513 2514 299 2515 1495 2516 815 119 2517 300 45 2518 2519 2520 2513 2499 2521 2522
2523 786 2524 16 2525 2526 2527 368 2528 2529 2530 2531 2532 479 79 2533 2534 2045 2535 2536
106 283 250 411 2390 2283 2537
79 7 382 69 0
2538 158 164 1587
2179 2304
1338 261 139 1081 1107 231 142
122 1184 1184
2539 556
261 1477 2103 2540
102 79 7 2354
122 2541 292 7
257 257 569 7
253 2439 2382
620 2542 2543 275 89 2179 2544 2544 89 2545 2546 659 2467 2547 2548 2549 2550 510 1319 1768 168 266 2551 2552 2553 903 79 66 2554 9 2555 164 174 2556 100 0 2557 2558 2559 2560 117 2561 2311 147 2562 2563 208 2564 2565 490 2566 634 492 2567 2337 166 216 1551
436 451 107 54 903
2568 117 83 0 382 7 2569
965 1082 1872 2570
568 2571 2572 164 188 33 2035 2573
911 411 451 916 434 182
434 69 2075 2574 2575 118 2576 2577 2578 102 2579 1148 943 2580 271 2581 1472 2582 1523 242 2583 2584 142 69 2585 2586 2587 2588 964 1924 2589 2590 2591 2592 188
911 2304 2593 69
1850 548 2594 2595 2596 253 2597 2439 527 2355 1776 2441 1204 701 609 2354 2598 2599 1794 1237 526 2600 1074 2601 2602 2603 2296 1549 2604 1136 2605 2606 2607 2608 2609 14 15 2610 479 1457
411 2611 188 1552 100 0
2612 837 7 66 309 626 2613 299
2614 2615 2616
964 1677 748
164 9 2617 0 2618 129
1061 1649 122 384 626 188 0 2619 1984 194
2620 526 2620 526
463 467 2621 294
409 79 917 2220 1774 2220 2622 311 905 66 174 450
253
86 117 118 427
2304 1306 2623 2201
0
1552 258 466 2624 1570 117 772 2625 2626 2627
389 389 303 304
0 267 2628
2304 2629 139 264 220 2630
2631 1055 743 635 2632 80 1261 2633 2634 2635 2636 2174 2637 253 1133 903 2638 2439 1022 2560 2639 2640 2641 2642 2572 2643 2644 2645 1739 1739 839 1382 275 635 8 1107 174 2646 1151 2647 2648 2649 2650 2651 626 1236 2652 889 2653 2459 0 1836 2654 2655 2656 1108 1109 0 158 1995 620 2131 2657 1946 2658 943 1603 2659 271 2660 2661 7 249 2454 126 2181 2311 267 569 626 2455 2662 229 2663 2664 2665 2666 139 264
47 197 51 2453 1085 1663 1677
296
201 1133
2611 566 430
382 23 120 2667 102 142 174 479 2668 2669 239
411 2504 1278 1374 2670 66 666 2456
2671 450 411 2672 2673 1815 79 2674 2675 411 2676 292 2677 2678 2679
2680 47
18
253 1133 587 2681
253 2682 574 119 8 2683 253 2682 556 2444 2684
1647 1022 164 727 411 2685 917 1022 2686
33 411 1276
411
411
253 255 2687
1766 33 66 2688 66 231
911 2439 2689
33 735 66 2690 2691 33 2692
253 1359 2693 662 2384 2135 2694 1603 2695
307 250 2646 220 889
0
23 120
69 1495 294 2696 1750
2697 1398
2698 79 140 0 79 188 2699 2433 188 79 1845
253 605 2700
2701 253 1133 2396
1338
2194 1133 122 0 23 18 18 2194 963
612 1029 571 2272 2702 1425 1029 495 530 777 13 2703 571 2704 2705 83 553 305 2706 2707 571 1065 1467 378 2708 1331 2709 2710 66 1076 13 2711 2637 450
119 2712
69 1413 2375 66 312 2713 298 7 900 256 1572 312 2714 870 2715
2030 292 2716 232 69 89 1104 2488 174 387 242 2717 89 2718 1164 717 580 2719 158 2720 1112 1112 1115 1113 1114 131 7
107 758 1409 1718 645 467
748 639 1325 147
2721 2722 2723 2337 253 1374 139 264
89 2724 133 2724 85 66 221 666 7 2725 2726 2727 33 636 33 2728 2729
2730 2731 411 305 79 79
188 2732 777 8
229 7 1398 74 972 2733 1303 166
2734 457 1120
548
136 2735 2736 2737
839 296 1550
839 1256 2738 2739 877
2431 2740 311 18
188 2741
122 1890 2742 2743
1592 2744
463 2745
1416 2130 0
875 23
220 1055 734
709 2262 1202 2746 626 2747 2748 66 2749 2750 2751 2752 968 1287 1070 102 2753 102 2362 588
2754 444
102 2116 2755 2756 2757 17 2758 66 2759 296 2760 79 2390 2685 411 844 1350 2761 862 1340 1442 2762 358 2763 2764 2765 1539 1860 2766
463 150 2333 1186 158 609 840
2767 1261
189
189
882 1780 620 74 2768 0 31 2345 843 548 684
875 2769 2770 2771 1711 2772 47 2773 2774 2775 2776 2777 2778 793 2391 2779 2780 2781 2782 2783 1308 2784 2785 2786 2787 2784 1872 2788 985 2789 239 117 118 1236 998 2122
188 2790 8 701 1539 0 569 1474 2737 2791
2355 2792 1051
492 2793 620 626 2794 422 66 1144 2103 587 158 2795 861 2796 870 626 1783 2797
869 548 1261 266 1261 23 120
1860
1793 2798 2799 1304 2800 620 588 2801 189 170 1549 1996 1074
2802 2635 2803 411 2804 2805 79 2806
2694 2807
581 102
1275 561 1208
2808
265 117 243 546 266 1088
147 188 2809 2810 119 0 2811 1243 2812 2813 2814 2501 2682 644 436 492 626 2815 2816 189 13 17 259 2817 2818 718 1151 2819 689 2820 1303 1107 2821 2822 108 982 245 2516 2823 2824 2825
2826 9 231 2827 261 2467 8 1477
2828 194 931 2829 1505 931 2830 2364 2831 2832 84 135 118 2833 72 2090 2090 571 2834 2835 2135 2836 2837 2838 2839
2840 132 411 2841 422 2842 366 411 2301 2843 1413 839 2844 1774 701
1329 0
546 783 2845
253 2682 188 132 416 194 2846 2571 79 2571
1226
2847 0 189 189
2848 2668 2849 33 2850 1232 2851 1534 2852 2853 2854 933 300 2855 2856 2857 2858 2859 2860 565 2861 2862 2863 2864 2434 89 0 777 2865 2866 2867 168 2868 102 2869 2855 2870 2758 17 1128 66 2871 2857 870 2871 2857 2579 2872 2873
1046 252 165 623 839 684 194
422 2874 2875 66
2771 1711 2772
2876 2877 2878 1626
2879 2880 2881
2882 2883 1653 1332
2784 2785 2787
2884
65 2255 2885 1859 1088
2886 38 1001 1296 57
2887 2888
358 2763 2765
2889 336 2890 929
2322 2119 989
215 0 189
265 2891 2892 2893 1521
2131 492 2894
839 296 2131 1869
296 1550
216
215 2895 66 861 2896 1955 1441 143 166
18 0 1780
1653 1332 2279 2787 1120 2140 2784 1872 360 1088 38 2886 1454 61 2037 336
2895 485 1996 7
239
79
612 8
543 530 79 8
121 166 166
117 118 1495 802 2833 1495 432 2897 2341 2246 121 121 166
2898 2899 587 1219 55 2900 392
0 441 1011
2375 790 2262 2901 526 2902 2903 749 2904 13 2012 721 2836 635 1281 2413 2905 2906 2907
2311 2908 548
10 2909 569 2910 1961 1539 2138 2845
2608 943 2911
2912 2913
66 7
189
546 701 0 485 2781
1333 286 684 212 2914 2915
916 245 31 2916 1340 1442 2917 2918 299 2919
0 189
215
189 66 2920
23
189 189 2921 840 701 1046
122 0
1836 1783 2922 2923 2924 2925 2922 1860
1011 66
102 7 2926 2927
2928 2929 2431 783 23 131
1233 783 2174 702 783 117 118
492 457 214 2930 2931 1942 119 0 583 2932 205 644 596 2933 126 1098 223 2934 2935 233
1338 2936 2937 2566
875 1552 1474
0 1436
2938
2939 1712 0
1208
2940
2561 2311
966 51 1085 1861 1763
2878 1626 2941 1403 2879 1653 1332 800 1668 1677 360 1859 1088 332 61 1344 2037 336 64 2942
1207 2943
148 2944 1341 2287
2037 336 2245
1217 2895 911 965 306 2945 2940 2600 2946 2947 2895 2948
2375 2151 2895
2949 745 1453 2950
795 776 613 69 1164 2951 102 2952 2953 982 2954 2955 188
1747 931 2956 2957 810 892
18 626 1984 2698 963 2958 2959
911 51 2960 2961
548 548 1474
2962 71 8 1461 2963
1836 1076 33 2385 2964 2965 3 2966 411 2489 2967
2968 1416 2969
618 428 456 2970 243 66 995 147 939 450 216
875 252 716 267
117 2971 985 1649 2972 168 1618 2973 2440 2974 548 100 0
582
2208 2975 2976 2977 2978 54 562 2979 2754 2980
2389 2981 2982 1577
786 2983 2984 231
463 1757 2985 7 392 839 189
626 46 684
31 8 1847 296 1774 231 1550 2030 205 644 381
2986 722 69 71 33
141 1946 503 1120
847 2380 1539 311 66 66 2987 2988 882 1780
492 7 1737
294
707
2989 1570 989 2949 556
189 419 2990 840 168 74 2935 100 0 2138 1860 233 2991
569 7 23
69
546 2759 1081 528 2992 1136 2993
524 79 2994
147 840 540 2995 2996
2896 2576 2997 250 102 497 1570 989 2998 2999 1484 3000 2444 325 3001
875
215 3002 69 3003 80 682 2646 2928
839 1847 296 1550
23 120 122 684
2202
1416 701 66
620 492
1539 1860 233 0 79 157 158 861 839 701 1550
700 3004 212 454 3005 158 250
3006 3007 0 189 1893 1098 79
1103 0 79 713 613 1050 2368 261 3008 3009
382 69
1555 0 296 1428
0 7
1539 840
1123 701 1550
1413 23
117 118 639 1020 3010
23 373 2396 678 91 676 906 361 2138 1539 362 1860 2138
569 69 0 481 3011 3012 3013 3014 3015 42 117 3016 57 2930 3017 3018 3019 799 3020 3021 3022 1016 3023 158 3024 2861 3025 409 481 3026 1135 794 66 135 2637 69 400 3027 402 86 143
3028 147 3029 2091 42 122 523 2361 66 721 411 1025 305 31
684 1413 148 306 639
3030 0 19 20
3031 1130 2940 3032
185 69 157 861
189 3033
294 748
911 2763
216 1539 1860
548 920 1539 3034 2766
266 3002 55
1261 1291
243 23 120
758 2893
3035 1953 3036 3037 2247 3038 3039 3040 3041 772 3042 189 3043
1023 1577 3044 3045 528 3046
839 1145 1774
1539
231 1011
467 467 802
1525 543 3047
911 3048 1727 3049
2746 1208 3050 3051 47 3052 2941 3053 57 1653 1332 3054 2787 144 2884 3055 3056 3057 3058 1088 3059 3060 3061 1404 1036 3062 3063 1001 3056 3064 3065 3066 3067 336 2890 929 3068 3069 3070 3071 1439 3072 2082
758 216 3073 117 2037 358 1584 1763 3074 47
799 3020
215 548
2938
3075 3076 189
117 699 597 3077 3078 3079 3080 3081 31 77 131 131 267
175
3082 1552 188 1011 758 1844 1528 3083 886 1247 3084 3085 3086 1757
492 620 1316 3087 758 3088 214 3089 31 914 982 2097 782 147 495 655 253 2682 620 3090 3091 3092 174
1992 492 1303 574 134 3093 3094 583 226 1350 381 142 2965 777 3095 440 3096 3097 626 1431 777 1705 294 917 748
3098 1448 1256 100 0
185 120
69 0
786 231 3099 2333 253 3100 3101 1203 3102 66 1534 3103 3104 117 118 3105 1382 3106 1183 3107 1209 840 701
2763 1495 3108
548 368 3109 869
548 920 2780 2781
827
548 548 3110
2908 189 231 3111 23 120 2484 758 2511 121 121
615
132 3112 3113 3114 3115 1040 257 3116 3117 2599 3118 2787 144 1823
1539 3119
839
467 532 763
786 2845 2736 3120
